170
54
0
21
1
177
0
10
25
100
2000
2000
2000
2000
2000
2000
2000
2000
2000
2000
2000
2000
2000
2000
2000
2000
2000
2000
2000
2000
2000
2000
2000
2000
2000
2000
2000
2000
2000
2000
2000
2000
2000
2000
2000
2000
2000
2000
2000
2000
2000
2000
2000
2000
2000
2000
2000
2000
2000
2000
30
5
30
5
1000
1000
100
100
10
10
5
1
10
5
1
15
1
1
0
0
0
0
0
0
0
1
0
0
0
0
0
0
0
0
1
0
0
0
0
0
0
1
0
0
0
0
0
0
0
0
0
0
0
0
0
0
0
0
0
0
0
0
0
0
0
0
1
1
1
1
1
1
1
1
1
1
1
1
1
1
1
1
1
1
1
1
1
1
1
1
1
1
0
1
1
0
1
0
0
0
0
0
1
0
0
0
0
0
0
0
0
0
0
0
0
0
0
0
0
0
0
0
1
1
1
0
1
0
0
0
0
0
0
0
0
0
0
0
0
0
0
1000
1000
1000
1000
1000
1000
1000
1000
1000
1000
1000
1000
1000
1000
800
800
800
800
500
800
800
800
1000
1000
1000
0
0
0
0
0
0
0
0
0
0
0
0
0
0
0
0
0
0
0
0
0
0
0
0
0
0
0
0
0
0
0
0
0
0
0
0
0
0
0
1400
1660
1400
1660
0
0
0
0
0
0
0
0
0
0
0
0
0
0
0
0
0
0
0
0
0
0
0
0
0
0
0
0
0
0
0
0
0
0
0
0
0
0
0
0
0
0
0
0
0
0
0
0
0
0
0
0
0
0
0
0
0
0
0
61655
67653
0
0
0
0
0
0
0
0
0
0
9985
486030
41632
238304
0
0
0
0
0
0
0
0
0
0
0
0
0
0
0
0
0
0
0
0
0
0
0
0
0
0
0
0
0
0
0
0
100
100
100
100
100
100
100
100
100
100
100
100
100
100
100
100
100
100
100
100
100
100
100
100
100
0
0
0
0
0
0
0
0
0
0
0
0
0
0
0
0
0
0
0
0
0
0
0
0
0
50000
25000
110000
140000
1000000
550000
788500
385000
1000000
1000000
385000
779000
1000000
1000000
656000
651000
165000
315000
25000
357000
3000000
1000000
1000000
1000000
1000000
-1000000
-1000000
-1000
-1000
-1000000
-4000
-5000
-1000
-1000000
-1000000
-1000
-5000
-1000000
-1000000
-45000
-5000
-4000
-5000
-30000
-5000
-3000000
-1000000
-1000000
-1000000
-1000000
1
1
1
1
0
0
0
0
0
1
500
500
102
103
104
105
106
1239475387
34624
187
0
0
0
0
0
0
0
0
0
0
0
0
0
0
0
0
0
0
